0 0 0 0 0 30 30 0 0 
0 0 41 41 0 0 0 0 0 
6 0 0 0 0 0 0 0 0 
0 0 10 10 0 0 0 0 0 
0 0 0 0 0 0 0 17 17 
0 0 0 0 0 0 0 15 15 
12 0 0 0 0 0 0 0 0 
16 0 0 0 0 0 0 0 0 
0 0 0 0 4 4 0 0 0 
0 0 0 0 0 0 0 0 19 
0 0 0 0 0 8 8 0 0 
12 0 0 0 0 0 0 0 0 
24 0 0 0 0 0 0 0 0 
0 0 10 10 0 0 0 0 0 
0 0 0 0 0 0 0 0 23 
0 0 0 0 0 0 5 5 0 
9 0 0 0 0 0 0 0 0 
42 0 0 0 0 0 0 0 0 
0 30 30 0 0 0 0 0 0 
0 0 68 0 0 0 0 0 0 
43 0 0 0 0 0 0 0 0 
3 0 0 0 0 0 0 0 0 
0 0 34 34 0 0 0 0 0 
0 0 42 42 0 0 0 0 0 
70 0 0 0 0 0 0 0 0 
18 0 0 0 0 0 0 0 0 
43 0 0 0 0 0 0 0 0 
0 0 0 0 0 22 22 0 0 
0 0 0 28 28 0 0 0 0 
0 0 0 0 0 34 34 0 0 
0 0 0 0 0 0 0 30 30 
0 0 0 0 0 0 0 41 0 
0 0 30 30 0 0 0 0 0 
0 0 35 35 0 0 0 0 0 
0 0 0 0 0 40 40 0 0 
0 0 0 0 0 0 0 37 37 
0 0 0 0 0 0 0 25 25 
34 34 0 0 0 0 0 0 0 
0 0 33 33 0 0 0 0 0 
0 0 0 0 0 0 34 34 0 
0 0 0 0 0 0 0 0 77 
0 0 0 0 0 72 0 0 0 
0 18 18 0 0 0 0 0 0 
0 0 0 0 0 0 18 18 0 
25 25 0 0 0 0 0 0 0 
0 0 0 0 0 0 0 0 67 
0 0 36 36 0 0 0 0 0 
0 0 0 0 0 0 0 0 7 
0 0 0 0 8 8 0 0 0 
17 17 0 0 0 0 0 0 0 
0 0 0 0 0 0 0 26 26 
0 30 30 0 0 0 0 0 0 
0 75 75 0 0 0 0 0 0 
0 0 0 0 0 0 100 100 0 
0 0 0 0 0 0 81 81 0 
55 0 0 0 0 0 0 0 0 
53 0 0 0 0 0 0 0 0 
0 0 0 0 66 66 0 0 0 
0 0 0 0 0 0 0 68 68 
0 0 18 18 0 0 0 0 0 
70 0 0 0 0 0 0 0 0 
93 0 0 0 0 0 0 0 0 
0 0 0 0 0 0 0 35 35 
0 0 0 20 20 0 0 0 0 
85 0 0 0 0 0 0 0 0 
107 0 0 0 0 0 0 0 0 
60 0 0 0 0 0 0 0 0 
0 0 0 0 0 34 34 0 0 
45 0 0 0 0 0 0 0 0 
56 0 0 0 0 0 0 0 0 
19 0 0 0 0 0 0 0 0 
41 0 0 0 0 0 0 0 0 
30 30 0 0 0 0 0 0 0 
46 0 0 0 0 0 0 0 0 
8 0 0 0 0 0 0 0 0 
51 0 0 0 0 0 0 0 0 
131 0 0 0 0 0 0 0 0 
