70 0 0 0 0 0 0 0 0 
96 0 0 0 0 0 0 0 0 
92 0 0 0 0 0 0 0 0 
73 0 0 0 0 0 0 0 0 
0 0 0 0 0 38 38 0 0 
0 0 0 45 45 0 0 0 0 
101 0 0 0 0 0 0 0 0 
103 0 0 0 0 0 0 0 0 
97 0 0 0 0 0 0 0 0 
76 0 0 0 0 0 0 0 0 
53 0 0 0 0 0 0 0 0 
66 0 0 0 0 0 0 0 0 
47 0 0 0 0 0 0 0 0 
37 0 0 0 0 0 0 0 0 
0 0 0 31 31 0 0 0 0 
52 52 0 0 0 0 0 0 0 
139 0 0 0 0 0 0 0 0 
145 0 0 0 0 0 0 0 0 
133 0 0 0 0 0 0 0 0 
126 0 0 0 0 0 0 0 0 
57 0 0 0 0 0 0 0 0 
79 0 0 0 0 0 0 0 0 
63 0 0 0 0 0 0 0 0 
43 0 0 0 0 0 0 0 0 
50 0 0 0 0 0 0 0 0 
81 0 0 0 0 0 0 0 0 
114 0 0 0 0 0 0 0 0 
131 0 0 0 0 0 0 0 0 
138 0 0 0 0 0 0 0 0 
154 0 0 0 0 0 0 0 0 
54 0 0 0 0 0 0 0 0 
78 0 0 0 0 0 0 0 0 
81 0 0 0 0 0 0 0 0 
38 38 0 0 0 0 0 0 0 
78 0 0 0 0 0 0 0 0 
88 0 0 0 0 0 0 0 0 
106 0 0 0 0 0 0 0 0 
122 0 0 0 0 0 0 0 0 
126 0 0 0 0 0 0 0 0 
130 0 0 0 0 0 0 0 0 
44 0 0 0 0 0 0 0 0 
49 0 0 0 0 0 0 0 0 
44 0 0 0 0 0 0 0 0 
58 0 0 0 0 0 0 0 0 
83 0 0 0 0 0 0 0 0 
97 0 0 0 0 0 0 0 0 
108 0 0 0 0 0 0 0 0 
116 0 0 0 0 0 0 0 0 
107 0 0 0 0 0 0 0 0 
86 0 0 0 0 0 0 0 0 
14 0 0 0 0 0 0 0 0 
5 0 0 0 0 0 0 0 0 
4 0 0 0 0 0 0 0 0 
33 0 0 0 0 0 0 0 0 
66 0 0 0 0 0 0 0 0 
77 0 0 0 0 0 0 0 0 
75 0 0 0 0 0 0 0 0 
70 0 0 0 0 0 0 0 0 
57 0 0 0 0 0 0 0 0 
36 0 0 0 0 0 0 0 0 
10 0 0 0 0 0 0 0 0 
20 0 0 0 0 0 0 0 0 
20 0 0 0 0 0 0 0 0 
6 0 0 0 0 0 0 0 0 
3 0 0 0 0 0 0 0 0 
25 0 0 0 0 0 0 0 0 
53 0 0 0 0 0 0 0 0 
71 0 0 0 0 0 0 0 0 
42 42 0 0 0 0 0 0 0 
44 44 0 0 0 0 0 0 0 
68 0 0 0 0 0 0 0 0 
55 0 0 0 0 0 0 0 0 
46 0 0 0 0 0 0 0 0 
71 0 0 0 0 0 0 0 0 
98 0 0 0 0 0 0 0 0 
116 0 0 0 0 0 0 0 0 
145 0 0 0 0 0 0 0 0 
180 0 0 0 0 0 0 0 0 
97 97 0 0 0 0 0 0 0 
98 98 0 0 0 0 0 0 0 
124 0 0 0 0 0 0 0 0 
139 0 0 0 0 0 0 0 0 
131 0 0 0 0 0 0 0 0 
137 0 0 0 0 0 0 0 0 
138 0 0 0 0 0 0 0 0 
126 0 0 0 0 0 0 0 0 
132 0 0 0 0 0 0 0 0 
81 81 0 0 0 0 0 0 0 
0 182 0 0 0 0 0 0 0 
99 99 0 0 0 0 0 0 0 
100 0 0 0 0 0 0 0 0 
180 0 0 0 0 0 0 0 0 
209 0 0 0 0 0 0 0 0 
183 0 0 0 0 0 0 0 0 
150 0 0 0 0 0 0 0 0 
137 0 0 0 0 0 0 0 0 
71 71 0 0 0 0 0 0 0 
0 0 81 81 0 0 0 0 0 
0 89 89 0 0 0 0 0 0 
0 94 94 0 0 0 0 0 0 
