0 0 0 0 0 0 0 0 3 
172 0 0 0 0 0 0 0 0 
52 0 0 0 0 0 0 0 0 
22 0 0 0 0 0 0 0 0 
0 0 0 0 0 12 12 0 0 
0 0 0 0 0 0 14 14 0 
26 0 0 0 0 0 0 0 0 
4 0 0 0 0 0 0 0 0 
14 14 0 0 0 0 0 0 0 
0 0 0 0 0 22 22 0 0 
0 0 0 0 0 0 0 0 37 
46 0 0 0 0 0 0 0 0 
49 0 0 0 0 0 0 0 0 
0 0 0 28 28 0 0 0 0 
0 0 0 53 0 0 0 0 0 
0 0 16 16 0 0 0 0 0 
88 0 0 0 0 0 0 0 0 
91 0 0 0 0 0 0 0 0 
0 0 44 44 0 0 0 0 0 
37 37 0 0 0 0 0 0 0 
51 0 0 0 0 0 0 0 0 
90 0 0 0 0 0 0 0 0 
97 0 0 0 0 0 0 0 0 
0 44 44 0 0 0 0 0 0 
77 0 0 0 0 0 0 0 0 
69 0 0 0 0 0 0 0 0 
19 0 0 0 0 0 0 0 0 
30 0 0 0 0 0 0 0 0 
46 0 0 0 0 0 0 0 0 
64 0 0 0 0 0 0 0 0 
73 0 0 0 0 0 0 0 0 
0 22 0 0 0 0 0 0 0 
14 0 0 0 0 0 0 0 0 
18 0 0 0 0 0 0 0 0 
30 0 0 0 0 0 0 0 0 
40 0 0 0 0 0 0 0 0 
0 0 0 14 14 0 0 0 0 
13 0 0 0 0 0 0 0 0 
8 0 0 0 0 0 0 0 0 
13 0 0 0 0 0 0 0 0 
22 0 0 0 0 0 0 0 0 
0 0 0 0 0 0 7 7 0 
24 0 0 0 0 0 0 0 0 
30 0 0 0 0 0 0 0 0 
37 0 0 0 0 0 0 0 0 
50 0 0 0 0 0 0 0 0 
22 0 0 0 0 0 0 0 0 
10 0 0 0 0 0 0 0 0 
30 0 0 0 0 0 0 0 0 
51 0 0 0 0 0 0 0 0 
79 0 0 0 0 0 0 0 0 
